2 0.925055 0.256208 0.050277 0.155387
2 0.841863 0.257492 0.105159 0.158795
2 0.588797 0.250132 0.193565 0.139930
2 0.302074 0.249045 0.126368 0.152475
2 0.061369 0.246412 0.122738 0.130304
2 0.871216 0.416005 0.119222 0.138048
2 0.593320 0.419751 0.172200 0.112650
2 0.308396 0.412271 0.165165 0.122223
2 0.061829 0.422383 0.123658 0.115971
2 0.870429 0.585603 0.163417 0.127016
2 0.587223 0.589329 0.181131 0.130283
2 0.307587 0.586669 0.159870 0.125403
2 0.041145 0.587209 0.082289 0.160408
2 0.867865 0.756795 0.181131 0.130283
2 0.586444 0.757328 0.216551 0.135218
2 0.305038 0.754661 0.103330 0.145988
2 0.059759 0.750434 0.119518 0.131843
