2 0.070431 0.218624 0.052870 0.163893
2 0.148641 0.223328 0.104627 0.169236
2 0.387055 0.225871 0.187126 0.152410
2 0.656853 0.236324 0.124355 0.163326
2 0.911677 0.244590 0.176646 0.142126
2 0.113962 0.387659 0.117114 0.148029
2 0.375241 0.402803 0.166048 0.123229
2 0.643632 0.406508 0.159772 0.132997
2 0.907452 0.428658 0.185096 0.127732
2 0.107145 0.564785 0.158300 0.137945
2 0.373421 0.580122 0.175083 0.141932
2 0.636622 0.588646 0.154905 0.136145
2 0.899695 0.600512 0.108022 0.171036
2 0.101929 0.743646 0.175083 0.141932
2 0.366668 0.755576 0.208584 0.148236
2 0.631535 0.764165 0.102447 0.155803
2 0.886473 0.770696 0.165154 0.143216
