1 0.24375 0.30625 0.2046875 0.090625
1 0.5125 0.3046875 0.2171875 0.078125
1 0.7625 0.3078125 0.2078125 0.0625
1 0.240625 0.440625 0.2125 0.0796875
1 0.5140625 0.4484375 0.2078125 0.071875
1 0.76875 0.446875 0.2078125 0.075
1 0.2421875 0.5734375 0.2046875 0.0796875
1 0.515625 0.5765625 0.2046875 0.071875
1 0.76875 0.575 0.2125 0.0671875
1 0.2375 0.7125 0.2078125 0.0796875
1 0.5140625 0.7265625 0.2078125 0.071875
1 0.7671875 0.7171875 0.2203125 0.071875
1 0.365625 0.8671875 0.2140625 0.0984375
1 0.65 0.8640625 0.2046875 0.0875